1 -3 0
-1 2 0
3 4 0
18 78 0
1 2 0
72 6 0
22 3 4 2 0
38 8 0
22 3 1 0
83 7 9 0
-3 -8 -99 0
12 34 0
1 -2 0
16 12 0
3 -2 0
1 2 3 0
8 7 6 0
12 -7 90 0
11 29 7 0
12 3 0
45 2 0
234 6 2 0
77 8 5 0
1 4 6 0
54 3 0
2 6 0
23 51 3 0
23 44 2 4 0
12 34 0
1 -2 0
16 12 0
3 -2 0
1 2 3 0
8 7 6 0
12 -7 90 0
11 29 7 0
12 3 0
45 2 0
234 6 2 0
77 8 5 0
1 4 6 0
54 3 0
2 6 0
23 51 3 0
23 44 2 4 0
12 34 0
1 -2 0
16 12 0
3 -2 0
1 2 3 0
8 7 6 0
12 -7 90 0
11 29 7 0
12 3 0
45 2 0
234 6 2 0
77 8 5 0
1 4 6 0
54 3 0
2 6 0
23 51 3 0
23 44 2 4 0
12 34 0
1 -2 0
16 12 0
3 -2 0
1 2 3 0
8 7 6 0
12 -7 90 0
11 29 7 0
12 3 0
45 2 0
234 6 2 0
77 8 5 0
1 4 6 0
54 3 0
2 6 0
23 51 3 0
23 44 2 4 0
12 34 0
1 -2 0
16 12 0
3 -2 0
1 2 3 0
8 7 6 0
12 -7 90 0
11 29 7 0
12 3 0
45 2 0
234 6 2 0
77 8 5 0
1 4 6 0
54 3 0
2 6 0
23 51 3 0
23 44 2 4 0
12 34 0
1 -2 0
16 12 0
3 -2 0
1 2 3 0
8 7 6 0
12 -7 90 0
11 29 7 0
12 3 0
45 2 0
234 6 2 0
77 8 5 0
1 4 6 0
54 3 0
2 6 0
1 -3 0
-1 2 0
3 4 0
18 78 0
1 2 0
72 6 0
22 3 4 2 0
38 8 0
22 3 1 0
83 7 9 0
-3 -8 -99 0
12 34 0
1 -2 0
16 12 0
3 -2 0
1 2 3 0
8 7 6 0
12 -7 90 0
11 29 7 0
12 3 0
45 2 0
234 6 2 0
77 8 5 0
1 4 6 0
54 3 0
2 6 0
23 51 3 0
23 44 2 4 0
12 34 0
1 -2 0
16 12 0
3 -2 0
1 2 3 0
8 7 6 0
12 -7 90 0
11 29 7 0
12 3 0
45 2 0
234 6 2 0
77 8 5 0
1 4 6 0
54 3 0
2 6 0
23 51 3 0
23 44 2 4 0
12 34 0
1 -2 0
16 12 0
3 -2 0
1 2 3 0
8 7 6 0
12 -7 90 0
11 29 7 0
12 3 0
45 2 0
234 6 2 0
77 8 5 0
1 4 6 0
54 3 0
2 6 0
23 51 3 0
23 44 2 4 0
12 34 0
1 -2 0
16 12 0
3 -2 0
1 2 3 0
8 7 6 0
12 -7 90 0
11 29 7 0
12 3 0
45 2 0
234 6 2 0
77 8 5 0
1 4 6 0
54 3 0
2 6 0
23 51 3 0
23 44 2 4 0
12 34 0
1 -2 0
16 12 0
3 -2 0
1 2 3 0
8 7 6 0
12 -7 90 0
11 29 7 0
12 3 0
45 2 0
234 6 2 0
77 8 5 0
1 4 6 0
54 3 0
2 6 0
23 51 3 0
23 44 2 4 0
12 34 0
1 -2 0
16 12 0
3 -2 0
1 2 3 0
8 7 6 0
12 -7 90 0
11 29 7 0
12 3 0
45 2 0
234 6 2 0
77 8 5 0
1 4 6 0
54 3 0
2 6 0
1 -3 0
-1 2 0
3 4 0
18 78 0
1 2 0
72 6 0
22 3 4 2 0
38 8 0
22 3 1 0
83 7 9 0
-3 -8 -99 0
12 34 0
1 -2 0
16 12 0
3 -2 0
1 2 3 0
8 7 6 0
12 -7 90 0
11 29 7 0
12 3 0
45 2 0
234 6 2 0
77 8 5 0
1 4 6 0
54 3 0
2 6 0
23 51 3 0
23 44 2 4 0
12 34 0
1 -2 0
16 12 0
3 -2 0
1 2 3 0
8 7 6 0
12 -7 90 0
11 29 7 0
12 3 0
45 2 0
234 6 2 0
77 8 5 0
1 4 6 0
54 3 0
2 6 0
23 51 3 0
23 44 2 4 0
12 34 0
1 -2 0
16 12 0
3 -2 0
1 2 3 0
8 7 6 0
12 -7 90 0
11 29 7 0
12 3 0
45 2 0
234 6 2 0
77 8 5 0
1 4 6 0
54 3 0
2 6 0
23 51 3 0
23 44 2 4 0
12 34 0
1 -2 0
16 12 0
3 -2 0
1 2 3 0
8 7 6 0
12 -7 90 0
11 29 7 0
12 3 0
45 2 0
234 6 2 0
77 8 5 0
1 4 6 0
54 3 0
2 6 0
23 51 3 0
23 44 2 4 0
12 34 0
1 -2 0
16 12 0
3 -2 0
1 2 3 0
8 7 6 0
12 -7 90 0
11 29 7 0
12 3 0
45 2 0
234 6 2 0
77 8 5 0
1 4 6 0
54 3 0
2 6 0
23 51 3 0
23 44 2 4 0
12 34 0
1 -2 0
16 12 0
3 -2 0
1 2 3 0
8 7 6 0
12 -7 90 0
11 29 7 0
12 3 0
45 2 0
234 6 2 0
77 8 5 0
1 4 6 0
54 3 0
2 6 0
1 -3 0
-1 2 0
3 4 0
18 78 0
1 2 0
72 6 0
22 3 4 2 0
38 8 0
22 3 1 0
83 7 9 0
-3 -8 -99 0
12 34 0
1 -2 0
16 12 0
3 -2 0
1 2 3 0
8 7 6 0
12 -7 90 0
11 29 7 0
12 3 0
45 2 0
234 6 2 0
77 8 5 0
1 4 6 0
54 3 0
2 6 0
23 51 3 0
23 44 2 4 0
12 34 0
1 -2 0
16 12 0
3 -2 0
1 2 3 0
8 7 6 0
12 -7 90 0
11 29 7 0
12 3 0
45 2 0
234 6 2 0
77 8 5 0
1 4 6 0
54 3 0
2 6 0
23 51 3 0
23 44 2 4 0
12 34 0
1 -2 0
16 12 0
3 -2 0
1 2 3 0
8 7 6 0
12 -7 90 0
11 29 7 0
12 3 0
45 2 0
234 6 2 0
77 8 5 0
1 4 6 0
54 3 0
2 6 0
23 51 3 0
23 44 2 4 0
12 34 0
1 -2 0
16 12 0
3 -2 0
1 2 3 0
8 7 6 0
12 -7 90 0
11 29 7 0
12 3 0
45 2 0
234 6 2 0
77 8 5 0
1 4 6 0
54 3 0
2 6 0
23 51 3 0
23 44 2 4 0
12 34 0
1 -2 0
16 12 0
3 -2 0
1 2 3 0
8 7 6 0
12 -7 90 0
11 29 7 0
12 3 0
45 2 0
234 6 2 0
77 8 5 0
1 4 6 0
54 3 0
2 6 0
23 51 3 0
23 44 2 4 0
12 34 0
1 -2 0
16 12 0
3 -2 0
1 2 3 0
8 7 6 0
12 -7 90 0
11 29 7 0
12 3 0
45 2 0
234 6 2 0
77 8 5 0
1 4 6 0
54 3 0
2 6 0
1 -3 0
-1 2 0
3 4 0
18 78 0
1 2 0
72 6 0
22 3 4 2 0
38 8 0
22 3 1 0
83 7 9 0
-3 -8 -99 0
12 34 0
1 -2 0
16 12 0
3 -2 0
1 2 3 0
8 7 6 0
12 -7 90 0
11 29 7 0
12 3 0
45 2 0
234 6 2 0
77 8 5 0
1 4 6 0
54 3 0
2 6 0
23 51 3 0
23 44 2 4 0
12 34 0
1 -2 0
16 12 0
3 -2 0
1 2 3 0
8 7 6 0
12 -7 90 0
11 29 7 0
12 3 0
45 2 0
234 6 2 0
77 8 5 0
1 4 6 0
54 3 0
2 6 0
23 51 3 0
23 44 2 4 0
12 34 0
1 -2 0
16 12 0
3 -2 0
1 2 3 0
8 7 6 0
12 -7 90 0
11 29 7 0
12 3 0
45 2 0
234 6 2 0
77 8 5 0
1 4 6 0
54 3 0
2 6 0
23 51 3 0
23 44 2 4 0
12 34 0
1 -2 0
16 12 0
3 -2 0
1 2 3 0
8 7 6 0
12 -7 90 0
11 29 7 0
12 3 0
45 2 0
234 6 2 0
77 8 5 0
1 4 6 0
54 3 0
2 6 0
23 51 3 0
23 44 2 4 0
12 34 0
1 -2 0
16 12 0
3 -2 0
1 2 3 0
8 7 6 0
12 -7 90 0
11 29 7 0
12 3 0
45 2 0
234 6 2 0
77 8 5 0
1 4 6 0
54 3 0
2 6 0
23 51 3 0
23 44 2 4 0
12 34 0
1 -2 0
16 12 0
3 -2 0
1 2 3 0
8 7 6 0
12 -7 90 0
11 29 7 0
12 3 0
45 2 0
234 6 2 0
77 8 5 0
1 4 6 0
54 3 0
2 6 0
1 -3 0
-1 2 0
3 4 0
18 78 0
1 2 0
72 6 0
22 3 4 2 0
38 8 0
22 3 1 0
83 7 9 0
-3 -8 -99 0
12 34 0
1 -2 0
16 12 0
3 -2 0
1 2 3 0
8 7 6 0
12 -7 90 0
11 29 7 0
12 3 0
45 2 0
234 6 2 0
77 8 5 0
1 4 6 0
54 3 0
2 6 0
23 51 3 0
23 44 2 4 0
12 34 0
1 -2 0
16 12 0
3 -2 0
1 2 3 0
8 7 6 0
12 -7 90 0
11 29 7 0
12 3 0
45 2 0
234 6 2 0
77 8 5 0
1 4 6 0
54 3 0
2 6 0
23 51 3 0
23 44 2 4 0
12 34 0
1 -2 0
16 12 0
3 -2 0
1 2 3 0
8 7 6 0
12 -7 90 0
11 29 7 0
12 3 0
45 2 0
234 6 2 0
77 8 5 0
1 4 6 0
54 3 0
2 6 0
23 51 3 0
23 44 2 4 0
12 34 0
1 -2 0
16 12 0
3 -2 0
1 2 3 0
8 7 6 0
12 -7 90 0
11 29 7 0
12 3 0
45 2 0
234 6 2 0
77 8 5 0
1 4 6 0
54 3 0
2 6 0
23 51 3 0
23 44 2 4 0
12 34 0
1 -2 0
16 12 0
3 -2 0
1 2 3 0
8 7 6 0
12 -7 90 0
11 29 7 0
12 3 0
45 2 0
234 6 2 0
77 8 5 0
1 4 6 0
54 3 0
2 6 0
23 51 3 0
23 44 2 4 0
12 34 0
1 -2 0
16 12 0
3 -2 0
1 2 3 0
8 7 6 0
12 -7 90 0
11 29 7 0
12 3 0
45 2 0
234 6 2 0
77 8 5 0
1 4 6 0
54 3 0
2 6 0
1 -3 0
-1 2 0
3 4 0
18 78 0
1 2 0
72 6 0
22 3 4 2 0
38 8 0
22 3 1 0
83 7 9 0
-3 -8 -99 0
12 34 0
1 -2 0
16 12 0
3 -2 0
1 2 3 0
8 7 6 0
12 -7 90 0
11 29 7 0
12 3 0
45 2 0
234 6 2 0
77 8 5 0
1 4 6 0
54 3 0
2 6 0
23 51 3 0
23 44 2 4 0
12 34 0
1 -2 0
16 12 0
3 -2 0
1 2 3 0
8 7 6 0
12 -7 90 0
11 29 7 0
12 3 0
45 2 0
234 6 2 0
77 8 5 0
1 4 6 0
54 3 0
2 6 0
23 51 3 0
23 44 2 4 0
12 34 0
1 -2 0
16 12 0
3 -2 0
1 2 3 0
8 7 6 0
12 -7 90 0
11 29 7 0
12 3 0
45 2 0
234 6 2 0
77 8 5 0
1 4 6 0
54 3 0
2 6 0
23 51 3 0
23 44 2 4 0
12 34 0
1 -2 0
16 12 0
3 -2 0
1 2 3 0
8 7 6 0
12 -7 90 0
11 29 7 0
12 3 0
45 2 0
234 6 2 0
77 8 5 0
1 4 6 0
54 3 0
2 6 0
23 51 3 0
23 44 2 4 0
12 34 0
1 -2 0
16 12 0
3 -2 0
1 2 3 0
8 7 6 0
12 -7 90 0
11 29 7 0
12 3 0
45 2 0
234 6 2 0
77 8 5 0
1 4 6 0
54 3 0
2 6 0
23 51 3 0
23 44 2 4 0
12 34 0
1 -2 0
16 12 0
3 -2 0
1 2 3 0
8 7 6 0
12 -7 90 0
11 29 7 0
12 3 0
45 2 0
234 6 2 0
77 8 5 0
1 4 6 0
54 3 0
2 6 0
1 -3 0
-1 2 0
3 4 0
18 78 0
1 2 0
72 6 0
22 3 4 2 0
38 8 0
22 3 1 0
83 7 9 0
-3 -8 -99 0
12 34 0
1 -2 0
16 12 0
3 -2 0
1 2 3 0
8 7 6 0
12 -7 90 0
11 29 7 0
12 3 0
45 2 0
234 6 2 0
77 8 5 0
1 4 6 0
54 3 0
2 6 0
23 51 3 0
23 44 2 4 0
12 34 0
1 -2 0
16 12 0
3 -2 0
1 2 3 0
8 7 6 0
12 -7 90 0
11 29 7 0
12 3 0
45 2 0
234 6 2 0
77 8 5 0
1 4 6 0
54 3 0
2 6 0
23 51 3 0
23 44 2 4 0
12 34 0
1 -2 0
16 12 0
3 -2 0
1 2 3 0
8 7 6 0
12 -7 90 0
11 29 7 0
12 3 0
45 2 0
234 6 2 0
77 8 5 0
1 4 6 0
54 3 0
2 6 0
23 51 3 0
23 44 2 4 0
12 34 0
1 -2 0
16 12 0
3 -2 0
1 2 3 0
8 7 6 0
12 -7 90 0
11 29 7 0
12 3 0
45 2 0
234 6 2 0
77 8 5 0
1 4 6 0
54 3 0
2 6 0
23 51 3 0
23 44 2 4 0
12 34 0
1 -2 0
16 12 0
3 -2 0
1 2 3 0
8 7 6 0
12 -7 90 0
11 29 7 0
12 3 0
45 2 0
234 6 2 0
77 8 5 0
1 4 6 0
54 3 0
2 6 0
23 51 3 0
23 44 2 4 0
12 34 0
1 -2 0
16 12 0
3 -2 0
1 2 3 0
8 7 6 0
12 -7 90 0
11 29 7 0
12 3 0
45 2 0
234 6 2 0
77 8 5 0
1 4 6 0
54 3 0
2 6 0
1 -3 0
-1 2 0
3 4 0
18 78 0
1 2 0
72 6 0
22 3 4 2 0
38 8 0
22 3 1 0
83 7 9 0
-3 -8 -99 0
12 34 0
1 -2 0
16 12 0
3 -2 0
1 2 3 0
8 7 6 0
12 -7 90 0
11 29 7 0
12 3 0
45 2 0
234 6 2 0
77 8 5 0
1 4 6 0
54 3 0
2 6 0
23 51 3 0
23 44 2 4 0
12 34 0
1 -2 0
16 12 0
3 -2 0
1 2 3 0
8 7 6 0
12 -7 90 0
11 29 7 0
12 3 0
45 2 0
234 6 2 0
77 8 5 0
1 4 6 0
54 3 0
2 6 0
23 51 3 0
23 44 2 4 0
12 34 0
1 -2 0
16 12 0
3 -2 0
1 2 3 0
8 7 6 0
12 -7 90 0
11 29 7 0
12 3 0
45 2 0
234 6 2 0
77 8 5 0
1 4 6 0
54 3 0
2 6 0
23 51 3 0
23 44 2 4 0
12 34 0
1 -2 0
16 12 0
3 -2 0
1 2 3 0
8 7 6 0
12 -7 90 0
11 29 7 0
12 3 0
45 2 0
234 6 2 0
77 8 5 0
1 4 6 0
54 3 0
2 6 0
23 51 3 0
23 44 2 4 0
12 34 0
1 -2 0
16 12 0
3 -2 0
1 2 3 0
8 7 6 0
12 -7 90 0
11 29 7 0
12 3 0
45 2 0
234 6 2 0
77 8 5 0
1 4 6 0
54 3 0
2 6 0
23 51 3 0
23 44 2 4 0
12 34 0
1 -2 0
16 12 0
3 -2 0
1 2 3 0
8 7 6 0
12 -7 90 0
11 29 7 0
12 3 0
45 2 0
234 6 2 0
77 8 5 0
1 4 6 0
54 3 0
2 6 0
56 1 8 0