1 -3 0
-1 2 0
3 4 0
18 78 0
1 2 0
12 3 4 0
-7 -9 0
5 17 82 0
1 -5 0
1 2 8 0
1 -3 0
-1 2 0
3 4 0
18 78 0
1 2 0
12 3 4 0
-7 -9 0
5 17 82 0
1 -5 0
1 2 8 0
1 -3 0
-1 2 0
3 4 0
18 78 0
1 2 0
12 3 4 0
-7 -9 0
5 17 82 0
1 -5 0
1 2 8 0
1 -3 0
-1 2 0
3 4 0
18 78 0
1 2 0
12 3 4 0
-7 -9 0
5 17 82 0
1 -5 0
1 2 8 0
1 -3 0
-1 2 0
3 4 0
18 78 0
1 2 0
12 3 4 0
-7 -9 0
5 17 82 0
1 -5 0
1 2 8 0
1 -3 0
-1 2 0
3 4 0
18 78 0
1 2 0
12 3 4 0
-7 -9 0
5 17 82 0
1 -5 0
1 2 8 0
1 -3 0
-1 2 0
3 4 0
18 78 0
1 2 0
12 3 4 0
-7 -9 0
5 17 82 0
1 -5 0
1 2 8 0
1 -3 0
-1 2 0
3 4 0
18 78 0
1 2 0
12 3 4 0
-7 -9 0
5 17 82 0
1 -5 0
1 2 8 0
1 -3 0
-1 2 0
3 4 0
18 78 0
1 2 0
12 3 4 0
-7 -9 0
5 17 82 0
1 -5 0
1 2 8 0
1 -3 0
-1 2 0
3 4 0
18 78 0
1 2 0
12 3 4 0
-7 -9 0
5 17 82 0
1 -5 0
1 2 8 0
1 -3 0
-1 2 0
3 4 0
18 78 0
1 2 0
12 3 4 0
-7 -9 0
5 17 82 0
1 -5 0
1 2 8 0
1 -3 0
-1 2 0
3 4 0
18 78 0
1 2 0
12 3 4 0
-7 -9 0
5 17 82 0
1 -5 0
1 2 8 0
1 -3 0
-1 2 0
3 4 0
18 78 0
1 2 0
12 3 4 0
-7 -9 0
5 17 82 0
1 -5 0
1 2 8 0
1 -3 0
-1 2 0
3 4 0
18 78 0
1 2 0
12 3 4 0
-7 -9 0
5 17 82 0
1 -5 0
1 2 8 0
1 -3 0
-1 2 0
3 4 0
18 78 0
1 2 0
12 3 4 0
-7 -9 0
5 17 82 0
1 -5 0
1 2 8 0
1 -3 0
-1 2 0
3 4 0
18 78 0
1 2 0
12 3 4 0
-7 -9 0
5 17 82 0
1 -5 0
1 2 8 0
1 -3 0
-1 2 0
3 4 0
18 78 0
1 2 0
12 3 4 0
-7 -9 0
5 17 82 0
1 -5 0
1 2 8 0
1 -3 0
-1 2 0
3 4 0
18 78 0
1 2 0
12 3 4 0
-7 -9 0
5 17 82 0
1 -5 0
1 2 8 0
1 -3 0
-1 2 0
3 4 0
18 78 0
1 2 0
12 3 4 0
-7 -9 0
5 17 82 0
1 -5 0
1 2 8 0
1 -3 0
-1 2 0
3 4 0
18 78 0
1 2 0
12 3 4 0
-7 -9 0
5 17 82 0
1 -5 0
1 2 8 0
1 -3 0
-1 2 0
3 4 0
18 78 0
1 2 0
12 3 4 0
-7 -9 0
5 17 82 0
1 -5 0
1 2 8 0
1 -3 0
-1 2 0
3 4 0
18 78 0
1 2 0
12 3 4 0
-7 -9 0
5 17 82 0
1 -5 0
1 2 8 0
1 -3 0
-1 2 0
3 4 0
18 78 0
1 2 0
12 3 4 0
-7 -9 0
5 17 82 0
1 -5 0
1 2 8 0
1 -3 0
-1 2 0
3 4 0
18 78 0
1 2 0
12 3 4 0
-7 -9 0
5 17 82 0
1 -5 0
1 2 8 0
1 -3 0
-1 2 0
3 4 0
18 78 0
1 2 0
12 3 4 0
-7 -9 0
5 17 82 0
1 -5 0
1 2 8 0
1 -3 0
-1 2 0
3 4 0
18 78 0
1 2 0
12 3 4 0
-7 -9 0
5 17 82 0
1 -5 0
1 2 8 0
1 -3 0
-1 2 0
3 4 0
18 78 0
1 2 0
12 3 4 0
-7 -9 0
5 17 82 0
1 -5 0
1 2 8 0
1 -3 0
-1 2 0
3 4 0
18 78 0
1 2 0
12 3 4 0
-7 -9 0
5 17 82 0
1 -5 0
1 2 8 0
1 -3 0
-1 2 0
3 4 0
18 78 0
1 2 0
12 3 4 0
-7 -9 0
5 17 82 0
1 -5 0
1 2 8 0
1 -3 0
-1 2 0
3 4 0
18 78 0
1 2 0
12 3 4 0
-7 -9 0
5 17 82 0
1 -5 0
1 2 8 0
1 -3 0
-1 2 0
3 4 0
18 78 0
1 2 0
12 3 4 0
-7 -9 0
5 17 82 0
1 -5 0
1 2 8 0
1 -3 0
-1 2 0
3 4 0
18 78 0
1 2 0
12 3 4 0
-7 -9 0
5 17 82 0
1 -5 0
1 2 8 0
1 -3 0
-1 2 0
3 4 0
18 78 0
1 2 0
12 3 4 0
-7 -9 0
5 17 82 0
1 -5 0
1 2 8 0
1 -3 0
-1 2 0
3 4 0
18 78 0
1 2 0
12 3 4 0
-7 -9 0
5 17 82 0
1 -5 0
1 2 8 0
1 -3 0
-1 2 0
3 4 0
18 78 0
1 2 0
12 3 4 0
-7 -9 0
5 17 82 0
1 -5 0
1 2 8 0
1 -3 0
-1 2 0
3 4 0
18 78 0
1 2 0
12 3 4 0
-7 -9 0
5 17 82 0
1 -5 0
1 2 8 0
1 -3 0
-1 2 0
3 4 0
18 78 0
1 2 0
12 3 4 0
-7 -9 0
5 17 82 0
1 -5 0
1 2 8 0
1 -3 0
-1 2 0
3 4 0
18 78 0
1 2 0
12 3 4 0
-7 -9 0
5 17 82 0
1 -5 0
1 2 8 0
1 -3 0
-1 2 0
3 4 0
18 78 0
1 2 0
12 3 4 0
-7 -9 0
5 17 82 0
1 -5 0
1 2 8 0
1 -3 0
-1 2 0
3 4 0
18 78 0
1 2 0
12 3 4 0
-7 -9 0
5 17 82 0
1 -5 0
1 2 8 0
1 -3 0
-1 2 0
3 4 0
18 78 0
1 2 0
12 3 4 0
-7 -9 0
5 17 82 0
1 -5 0
1 2 8 0
1 -3 0
-1 2 0
3 4 0
18 78 0
1 2 0
12 3 4 0
-7 -9 0
5 17 82 0
1 -5 0
1 2 8 0
1 -3 0
-1 2 0
3 4 0
18 78 0
1 2 0
12 3 4 0
-7 -9 0
5 17 82 0
1 -5 0
1 2 8 0
1 -3 0
-1 2 0
3 4 0
18 78 0
1 2 0
12 3 4 0
-7 -9 0
5 17 82 0
1 -5 0
1 2 8 0
1 -3 0
-1 2 0
3 4 0
18 78 0
1 2 0
12 3 4 0
-7 -9 0
5 17 82 0
1 -5 0
1 2 8 0
1 -3 0
-1 2 0
3 4 0
18 78 0
1 2 0
12 3 4 0
-7 -9 0
5 17 82 0
1 -5 0
1 2 8 0
1 -3 0
-1 2 0
3 4 0
18 78 0
1 2 0
12 3 4 0
-7 -9 0
5 17 82 0
1 -5 0
1 2 8 0
1 -3 0
-1 2 0
3 4 0
18 78 0
1 2 0
12 3 4 0
-7 -9 0
5 17 82 0
1 -5 0
1 2 8 0
1 -3 0
-1 2 0
3 4 0
18 78 0
1 2 0
12 3 4 0
-7 -9 0
5 17 82 0
1 -5 0
1 2 8 0
1 -3 0
-1 2 0
3 4 0
18 78 0
1 2 0
12 3 4 0
-7 -9 0
5 17 82 0
1 -5 0
1 2 8 0
